0
4
8.4
13.24
18.564
24.4204
30.86244
37.948684
45.7435524
54.31790764
63.7496984
74.12466824
85.53713507
98.09084858
111.8999334
127.0899268
143.7989195
162.1788114
182.3966925
204.6363618
229.099998
256.0099978
285.6109975
318.1720973
353.989307
393.3882377
436.7270615
484.3997677
536.8397444
594.5237189
657.9760908
727.7736998
804.5510698
889.0061768
981.9067945
1084.097474
1196.507221
1320.157943
1456.173738
1605.791112
1770.370223
1951.407245
2150.547969
2369.602766
2610.563043
2860.563043
3110.563043
3360.563043
3610.563043
3860.563043
4110.563043
4360.563043
4610.563043
4860.563043
5110.563043
5360.563043
